5 2 1 0 2 
5 3 1 0 1 1
5 4 1 0 0 0 2
5 5 1 0 0 0 4 1
5 6 1 0 0 0 0 1 2
5 7 1 0 0 0 0 0 1 1
5 8 1 0 0 0 0 0 0 0 2
7 2 1 0 1 
7 3 1 0 0 2 
7 4 1 0 0 1 1
7 5 1 0 0 0 1 3
7 6 1 0 0 0 0 0 2
7 7 1 0 0 0 0 0 6 1
7 8 1 0 0 0 0 0 0 1 3
11 2 1 0 1 
11 3 1 0 1 4 
11 4 1 0 0 1 2
11 5 1 0 0 0 0 2
11 6 1 0 0 0 0 1 2
11 7 1 0 0 0 0 0 1 4
11 8 1 0 0 0 0 0 0 1 4
13 2 1 0 2 
13 3 1 0 0 2
13 4 1 0 0 0 2
13 5 1 0 0 0 4 2
13 6 1 0 0 0 0 1 1
13 7 1 0 0 0 0 0 3 2
13 8 1 0 0 0 0 0 0 1 5
17 2 1 0 3 
17 3 1 0 1 3
17 4 1 0 0 0 7
17 5 1 0 0 0 1 3
17 6 1 0 0 0 0 1 7
17 7 1 0 0 0 0 0 1 5
17 8 1 0 0 0 0 0 0 2 2
19 2 1 0 1 
19 3 1 0 0 2
19 4 1 0 0 1 8
19 5 1 0 0 0 1 3
19 6 1 0 0 0 0 1 3
19 7 1 0 0 0 0 0 1 1
19 8 1 0 0 0 0 0 0 1 2
23 2 1 0 1 
23 3 1 0 1 3
23 4 1 0 0 1 2
23 5 1 0 0 0 1 3
23 6 1 0 0 0 0 1 15
23 7 1 0 0 0 0 0 5 11
23 8 1 0 0 0 0 0 0 1 5
29 2 1 0 2 
29 3 1 0 1 4
29 4 1 0 0 1 5
29 5 1 0 0 0 1 8
29 6 1 0 0 0 0 1 3
29 7 1 0 0 0 0 0 1 7
29 8 1 0 0 0 0 0 0 1 5
31 2 1 0 1 
31 3 1 0 0 3
31 4 1 0 0 1 1
31 5 1 0 0 0 0 2
31 6 1 0 0 0 0 2 3
31 7 1 0 0 0 0 0 1 3
31 8 1 0 0 0 0 0 0 2 11
37 2 1 0 2 
37 3 1 0 0 2
37 4 1 0 0 0 2
37 5 1 0 0 0 1 5
37 6 1 0 0 0 0 1 1
37 7 1 0 0 0 0 0 1 1
37 8 1 0 0 0 0 0 0 0 2
41 2 1 0 3 
41 3 1 0 1 1
41 4 1 0 0 0 2
41 5 1 0 0 0 0 2
41 6 1 0 0 0 0 1 3
41 7 1 0 0 0 0 0 1 3
41 8 1 0 0 0 0 0 0 0 3
43 2 1 0 1 
43 3 1 0 0 3
43 4 1 0 0 1 3
43 5 1 0 0 0 1 7
43 6 1 0 0 0 0 0 6
43 7 1 0 0 0 0 0 0 2
43 8 1 0 0 0 0 0 0 4 41
47 2 1 0 1 
47 3 1 0 1 4
47 4 1 0 0 1 5
47 5 1 0 0 0 1 3
47 6 1 0 0 0 0 1 1
47 7 1 0 0 0 0 0 1 3
47 8 1 0 0 0 0 0 0 1 9
53 2 1 0 2 
53 3 1 0 1 5
53 4 1 0 0 0 2
53 5 1 0 0 0 1 10
53 6 1 0 0 0 0 1 7
53 7 1 0 0 0 0 0 1 5
53 8 1 0 0 0 0 0 0 0 2
59 2 1 0 1 
59 3 1 0 1 1
59 4 1 0 0 1 1
59 5 1 0 0 0 1 12
59 6 1 0 0 0 0 1 3
59 7 1 0 0 0 0 0 1 9
59 8 1 0 0 0 0 0 0 1 12
61 2 1 0 2 
61 3 1 0 0 2
61 4 1 0 0 0 2
61 5 1 0 0 0 0 2
61 6 1 0 0 0 0 0 2
61 7 1 0 0 0 0 0 1 3
61 8 1 0 0 0 0 0 0 0 2
67 2 1 0 1 
67 3 1 0 0 2
67 4 1 0 0 1 1
67 5 1 0 0 0 2 2
67 6 1 0 0 0 0 0 4
67 7 1 0 0 0 0 0 1 1
67 8 1 0 0 0 0 0 0 3 1
71 2 1 0 1 
71 3 1 0 1 1
71 4 1 0 0 1 2
71 5 1 0 0 0 0 2
71 6 1 0 0 0 0 1 2
71 7 1 0 0 0 0 0 0 2
71 8 1 0 0 0 0 0 0 1 13
73 2 1 0 5 
73 3 1 0 0 2
73 4 1 0 0 0 5
73 5 1 0 0 0 1 7
73 6 1 0 0 0 0 1 9
73 7 1 0 0 0 0 0 2 23
73 8 1 0 0 0 0 0 0 3 1
79 2 1 0 1 
79 3 1 0 0 2
79 4 1 0 0 1 3
79 5 1 0 0 0 1 8
79 6 1 0 0 0 0 1 21
79 7 1 0 0 0 0 0 1 4
79 8 1 0 0 0 0 0 0 1 5
83 2 1 0 1 
83 3 1 0 1 5
83 4 1 0 0 1 3
83 5 1 0 0 0 1 12
83 6 1 0 0 0 0 1 13
83 7 1 0 0 0 0 0 2 5
83 8 1 0 0 0 0 0 0 1 8
89 2 1 0 3 
89 3 1 0 1 4
89 4 1 0 0 0 3
89 5 1 0 0 0 1 3
89 6 1 0 0 0 0 1 5
89 7 1 0 0 0 0 0 2 1
89 8 1 0 0 0 0 0 0 3 1
97 2 1 0 5 
97 3 1 0 0 2
97 4 1 0 0 1 11
97 5 1 0 0 0 1 11
97 6 1 0 0 0 0 0 5
97 7 1 0 0 0 0 0 1 4
97 8 1 0 0 0 0 0 0 0 5
101 2 1 0 2 
101 3 1 0 1 1
101 4 1 0 0 1 1
101 5 1 0 0 0 0 2
101 6 1 0 0 0 0 1 3
101 7 1 0 0 0 0 0 1 1
101 8 1 0 0 0 0 0 0 0 2
103 2 1 0 1 
103 3 1 0 0 2
103 4 1 0 0 1 5
103 5 1 0 0 0 2 33
103 6 1 0 0 0 0 0 7
103 7 1 0 0 0 0 0 2 1
103 8 1 0 0 0 0 0 0 1 16
107 2 1 0 1 
107 3 1 0 1 1
107 4 1 0 0 1 2
107 5 1 0 0 0 2 11
107 6 1 0 0 0 0 1 1
107 7 1 0 0 0 0 0 2 15
107 8 1 0 0 0 0 0 0 1 2
109 2 1 0 2 
109 3 1 0 0 3
109 4 1 0 0 0 2
109 5 1 0 0 0 2 5
109 6 1 0 0 0 0 1 1
109 7 1 0 0 0 0 0 2 9
109 8 1 0 0 0 0 0 0 2 9
113 2 1 0 3 
113 3 1 0 1 1
113 4 1 0 0 0 3
113 5 1 0 0 0 2 4
113 6 1 0 0 0 0 1 2
113 7 1 0 0 0 0 0 0 24
113 8 1 0 0 0 0 0 0 0 24
127 2 1 0 1 
127 3 1 0 0 3
127 4 1 0 0 1 3
127 5 1 0 0 0 2 2
127 6 1 0 0 0 0 3 6
127 7 1 0 0 0 0 0 0 2
127 8 1 0 0 0 0 0 0 1 13
131 2 1 0 1 
131 3 1 0 1 3
131 4 1 0 0 1 1
131 5 1 0 0 0 1 3
131 6 1 0 0 0 0 1 1
131 7 1 0 0 0 0 0 2 8
131 8 1 0 0 0 0 0 0 1 18
137 2 1 0 3 
137 3 1 0 1 4
137 4 1 0 0 2 13
137 5 1 0 0 0 2 13
137 6 1 0 0 0 0 1 9
137 7 1 0 0 0 0 0 2 111
137 8 1 0 0 0 0 0 0 3 3
139 2 1 0 1 
139 3 1 0 0 2
139 4 1 0 0 1 2
139 5 1 0 0 0 2 7
139 6 1 0 0 0 0 2 7
139 7 1 0 0 0 0 0 2 8
139 8 1 0 0 0 0 0 0 1 11
149 2 1 0 2 
149 3 1 0 1 6
149 4 1 0 0 1 2
149 5 1 0 0 0 1 5
149 6 1 0 0 0 0 2 15
149 7 1 0 0 0 0 0 2 21
149 8 1 0 0 0 0 0 0 3 5
151 2 1 0 1 
151 3 1 0 0 2
151 4 1 0 0 1 6
151 5 1 0 0 0 0 6
151 6 1 0 0 0 0 1 6
151 7 1 0 0 0 0 0 2 2
151 8 1 0 0 0 0 0 0 1 11
157 2 1 0 2 
157 3 1 0 0 3
157 4 1 0 0 2 19
157 5 1 0 0 0 2 10
157 6 1 0 0 0 0 2 2
157 7 1 0 0 0 0 0 3 17
157 8 1 0 0 0 0 0 0 2 2
163 2 1 0 1 
163 3 1 0 0 2
163 4 1 0 0 1 1
163 5 1 0 0 0 2 6
163 6 1 0 0 0 0 1 2
163 7 1 0 0 0 0 0 2 6
163 8 1 0 0 0 0 0 0 1 3
167 2 1 0 1 
167 3 1 0 1 3
167 4 1 0 0 1 4
167 5 1 0 0 0 2 8
167 6 1 0 0 0 0 1 12
167 7 1 0 0 0 0 0 2 10
167 8 1 0 0 0 0 0 0 1 16
173 2 1 0 2 
173 3 1 0 1 5
173 4 1 0 0 2 5
173 5 1 0 0 0 2 8
173 6 1 0 0 0 0 1 4
173 7 1 0 0 0 0 0 2 19
173 8 1 0 0 0 0 0 0 2 3
179 2 1 0 1 
179 3 1 0 1 4
179 4 1 0 0 1 1
179 5 1 0 0 0 2 2
179 6 1 0 0 0 0 1 3
179 7 1 0 0 0 0 0 2 1
179 8 1 0 0 0 0 0 0 1 18
181 2 1 0 2 
181 3 1 0 0 2
181 4 1 0 0 1 3
181 5 1 0 0 0 0 63
181 6 1 0 0 0 0 1 1
181 7 1 0 0 0 0 0 2 16
181 8 1 0 0 0 0 0 0 2 16